% -------------------------------------------------------------------
%  Generated by MATLAB on 9-May-2020 11:50:18
%  MATLAB version: 9.7.0.1190202 (R2019b)
% -------------------------------------------------------------------
                                   

P = cell(6, 1);
P{1,1} = [-0.3309638851175572 28.308430931856748];
P{2,1} = [0.0057022601391217712 -0.90118989902973423 40.739358035142196 ...
          ];
P{3,1} = [-8.5843790796405529E-5 0.018578828758582612 -1.495640981536684 ...
          49.000964461388264];
P{4,1} = [1.2179675625485784E-6 -0.00032943730330612086 0.035849608795521432 ...
          -2.0047514226819905 54.211838931072144];
P{5,1} = [-4.45448800600861E-8 1.2354187577570146E-5 -0.0013958417319445949 ...
          0.084448072941076591 -3.0522859274089633 62.711857308234272];
P{6,1} = [1.3967224960805273E-10 -8.6446554942528133E-8 1.7410830912478353E-5 ...
          -0.0017088091508852916 0.094883649822384 -3.22936776887737 63.903222062534446 ...
          ];

RT = [56.802752672007415 52.957740785689978 48.825542800099356 44.781918644495974 ...
      41.215282353941355 38.41962471950589 35.069683057252831 33.278605616985836 ...
      30.045739725375665 27.509689908522812 26.20493541918891 23.705115748792796 ...
      22.938546357196238 21.87524641288006 19.134045730441091 17.691156826731465 ...
      17.209407900641317 16.179611753061 15.779321179833058 14.408264637840816 ...
      13.583365012290583 12.167276343795 11.79233738291903 11.629408531179967 ...
      10.796608219087265 9.7115210835183987 9.1181565759176912 9.9540325406334951 ...
      8.4535830360220032 7.4949104904699881 7.1631373962024121 7.0652149376397526 ...
      7.2900219684030008 6.120567038579507 6.0139006522544278 6.4760843130021133 ...
      5.87942721737075 4.8341033120506305 4.3538457780672877 5.2002284912400247 ...
      4.3439546680953862 4.0904802212822462 3.2618158665803758 2.4353611963845 ...
      3.1464337449197615 4.1309607308794947 3.0180884754795794 2.69013098371102 ...
      2.8015278742798735 3.196417430066913 2.3333227420731379];

RT0 = 22;

i = 6;

j = 6;

n = 6;

repeat_num = 10;

test_MSE = [162.31362253862454 45.634053519450134 10.391512128959207 1.8768110550279054 ...
            8.4099068799217847 8.4743416652856283];

test_RT = [56.802752672007415 52.957740785689978 48.825542800099356 44.781918644495974 ...
           41.215282353941355 38.41962471950589 35.069683057252831 33.278605616985836 ...
           30.045739725375665 27.509689908522812 4.0904802212822462 3.2618158665803758 ...
           2.4353611963845 3.1464337449197615 4.1309607308794947 3.0180884754795794 ...
           2.69013098371102 2.8015278742798735 3.196417430066913 2.3333227420731379 ...
           ];

test_themo = [0 2 4 6 8 10 12 14 16 18 82 84 86 88 90 92 94 96 98 100];

themo = [0 2 4 6 8 10 12 14 16 18 20 22 24 26 28 30 32 34 36 38 40 42 44 ...
         46 48 50 52 54 56 58 60 62 64 66 68 70 72 74 76 78 80 82 84 86 ...
         88 90 92 94 96 98 100];

themok = [273.15 275.15 277.15 279.15 281.15 283.15 285.15 287.15 289.15 ...
          291.15 293.15 295.15 297.15 299.15 301.15 303.15 305.15 307.15 ...
          309.15 311.15 313.15 315.15 317.15 319.15 321.15 323.15 325.15 ...
          327.15 329.15 331.15 333.15 335.15 337.15 339.15 341.15 343.15 ...
          345.15 347.15 349.15 351.15 353.15 355.15 357.15 359.15 361.15 ...
          363.15 365.15 367.15 369.15 371.15 373.15];

tmp1 = [26.116896401013676 24.234331723283553 22.543646411612912 21.019352520951724 ...
        19.639128879754377 18.383569586424358 17.235938941856492 16.181932818076046 ...
        15.209446462975457 14.30834874114818 13.470262810819666 12.688353236875804 ...
        11.957119539988682 11.27219618183919 10.630158986437412 10.028337997539984 ...
        9.46463677216461 8.9373581102023465 8.4450362201264468 7.9862753207989741 ...
        7.5595946793744782 7.1632800853012268 6.7952417604191293 6.4528787051552694 ...
        6.1329494808167784 5.831449427981088 5.5434943209827878 5.2632104584984027 ...
        4.9836311902286425 4.6965998796760857 4.3926793030236695];

tmp2 = [63.903222062534446 57.810626466806021 52.398894822065316 47.595622811284642 ...
        43.334441911842141 39.554703530994 36.201169577443778 33.223709469009272 ...
        30.577003576386321 28.220253103010116 4.06106748410604 3.6895199654821127 ...
        3.2642785156028324 2.7700062720753635 2.1897293210273574 1.5047847125665328 ...
        0.69477491233638489 -0.26247131082701003 -1.3909315611453508 -2.7164160560475068 ...
        ];

train_MSE = [3.0091581082889358 0.3537902103163908 0.20647084578710292 ...
             0.19935339049534259 0.19710314679689919 0.19709799495628538 ...
             ];

train_RT = [26.20493541918891 23.705115748792796 22.938546357196238 21.87524641288006 ...
            19.134045730441091 17.691156826731465 17.209407900641317 16.179611753061 ...
            15.779321179833058 14.408264637840816 13.583365012290583 12.167276343795 ...
            11.79233738291903 11.629408531179967 10.796608219087265 9.7115210835183987 ...
            9.1181565759176912 9.9540325406334951 8.4535830360220032 7.4949104904699881 ...
            7.1631373962024121 7.0652149376397526 7.2900219684030008 6.120567038579507 ...
            6.0139006522544278 6.4760843130021133 5.87942721737075 4.8341033120506305 ...
            4.3538457780672877 5.2002284912400247 4.3439546680953862];

train_themo = [20 22 24 26 28 30 32 34 36 38 40 42 44 46 48 50 52 54 56 ...
               58 60 62 64 66 68 70 72 74 76 78 80];

