% -------------------------------------------------------------------
%  Generated by MATLAB on 9-May-2020 12:07:56
%  MATLAB version: 9.7.0.1190202 (R2019b)
% -------------------------------------------------------------------
                                  

P1 = cell(6, 1);
P1{1,1} = [-0.33716867861749467 28.554732637888431];
P1{2,1} = [0.0059850810631147588 -0.93567678492897044 41.602209355478593 ...
           ];
P1{3,1} = [-7.8895627112049379E-5 0.017819425129922174 -1.4820132235544905 ...
           49.195124508742225];
P1{4,1} = [7.0244826590639619E-7 -0.00021938528029332861 0.027780141540474885 ...
           -1.7756365987033658 52.200434212907183];
P1{5,1} = [-1.7393028547017306E-8 5.0507054026607176E-6 -0.00063577438370892453 ...
           0.046755935685271061 -2.184657736938 55.519358005826355];
P1{6,1} = [2.3287287253433453E-10 -8.7254890307343887E-8 1.3481550198856236E-5 ...
           -0.0011575789802756743 0.064154973588064768 -2.4799029070561818 ...
           57.5056976928268];

P2 = cell(6, 1);
P2{1,1} = [-0.33104829595175761 28.013541419646611];
P2{2,1} = [0.0054847556499582339 -0.87952386094758084 39.970308736555545 ...
           ];
P2{3,1} = [-0.00011912476516609338 0.023353470424872246 -1.7044390347697445 ...
           51.43487613614036];
P2{4,1} = [2.6003092658556773E-6 -0.00063918661833722813 0.060225855814705687 ...
           -2.7913683078974172 62.559872879384315];
P2{5,1} = [2.7513449954209628E-8 -4.27805322269686E-6 1.9485373566573526E-5 ...
           0.030208681914661487 -2.1443514536093988 57.309778369881549];
P2{6,1} = [2.6667055872081188E-9 -7.7249822620840021E-7 9.2266386145509625E-5 ...
           -0.0059558745640296007 0.2294509168836299 -5.525303198571863 ...
           80.056022205677777];

RT = [56.978106943105246 52.466421279122059 48.369538017599538 44.64454427905811 ...
      41.253424781435548 38.162453709863165 35.341667892609188 32.76440967261621 ...
      30.406929623467448 28.248040736610015 26.2688169505477 24.4523299414584 ...
      22.783418980480505 21.248489412366819 19.835335945396473 18.532987481685979 ...
      17.33157067560084 16.222189798541454 15.196820821574782 14.248217912077932 ...
      13.369830784186039 12.555731551635692 11.800549910809309 11.09941563583449 ...
      10.447907500196646 9.8420078536324986 9.2780621817450868 8.752743061074435 ...
      8.2630179961850647 7.8061206893171473 7.3795253486785626 6.9809236897066658 ...
      6.6082043256107994 6.25943428007734 5.9328423869163371 5.6268043692820839 ...
      5.3398294154514945 5.0705480894590593 4.8177014335644639 4.580131135915396 ...
      4.3567706511584774 4.1466371744046322 3.9488243800917413 3.7624958471002712 ...
      3.5868791001327796 3.4212602050102623 3.2649788622927329 3.1174239496073408 ...
      2.9780294683596251 2.8462708551949358 2.7216616227400046];

RT0 = 22;

RT1 = [56.774851896685533 52.344473490432343 48.380544417241929 44.65478744135784 ...
       41.337580819024595 38.327503190740025 35.217249035731577 32.759740036943185 ...
       30.524881355396541 28.217926318660766 26.189181888689177 24.364265867209433 ...
       22.848936250118548 21.368460559989011 19.670712605599736 18.554749932899931 ...
       17.368403009036196 16.286366106317697 15.129324090626408 14.507447854344035 ...
       13.37824414798353 12.576739597149762 11.678924243150451 11.101038296897242 ...
       10.557464905871674 9.8758692115043729 9.1704499169058 8.757227508817703 ...
       8.4003098189488572 7.6026278506432723 7.3563653852114692 6.9970445443476219 ...
       6.5457953667004 6.3475533505723813 5.9213118915525884 5.7810629942589191 ...
       5.3442736256797847 5.1911878618813283 4.7253663597839726 4.5883758069407232 ...
       4.4001790677925641 4.0267860177999548 3.8297962999108912 3.6042501106843434 ...
       3.9901701310344486 3.417849927691202 3.2209486612799738 3.1858267735313324 ...
       2.9748309262027757 2.8686368417354977 2.6012528444128744];

RT2 = [56.793242945620733 51.72904966328823 48.495654169295882 44.294955170407931 ...
       40.671285239758312 37.828006610713473 36.137285844860884 33.257428149986957 ...
       30.011899276480239 28.588341504261 25.957075543525463 24.269464048997246 ...
       22.3257524701103 21.051262280375244 18.653876537184445 17.867721798830555 ...
       16.566457644282622 15.226455077911398 15.845433842130973 14.240986162347616 ...
       11.842882745958619 11.913531020258986 11.137973722569788 12.037531024173921 ...
       10.872821088854556 10.868142594884038 8.4324950927240678 8.6610920493833312 ...
       7.3428698636024388 8.6823010735690325 7.0469739659469912 7.5098605015051589 ...
       7.1578631366778964 5.8778595984094011 6.5509246493201623 5.5219347783493715 ...
       5.1631608089631982 4.12311522234925 3.4726516335813091 5.2926399977515839 ...
       3.7818153092915838 2.0289394800421721 3.6632590438604531 3.21553302450027 ...
       3.20348129870462 3.1565582196564814 3.1226208029661473 1.5965337835861457 ...
       4.7662034584906623 1.4491276861968303 2.7812543746721077];

i = 6;

j = 6;

k = 10;

n = 6;

repeat_num = 10;

test_MSE1 = ...
  [159.96513470148983 38.447727866379907 7.6643821857670442 1.1372523274581303 ...
   4.9288475859719076 16.358428996062582;
   159.95404881781602 38.711763464380255 7.4026827101021579 0.73599986305341736 ...
   0.67526270564027446 2.3923201396364293;
   159.43344329209168 38.770096323830138 7.0848991400294183 0.83619495527853815 ...
   0.56384665457544092 36.398453423486146;
   158.55670640085415 38.287004802217751 7.3829285436622953 0.8571594928947468 ...
   1.0182669949004495 2.2652984177176636;
   159.2416629683706 38.347734301705017 7.41736608725523 0.8615050344160835 ...
   4.9882603309731932 5.0101106245176474;
   160.79690290379986 39.228169861425094 8.2896513164439511 2.4338178739165617 ...
   1.097685814426524 59.937497782820479;
   159.46259756513226 38.273606076897295 8.3441943012612612 2.2782714046776524 ...
   13.304742380721374 12.889986617178121;
   161.03368947698917 40.153144754214033 9.2516262863851928 2.2126601953693426 ...
   6.70924992032258 13.005359116376704;
   160.38808541903126 39.428253909937119 7.0280684500019275 0.59828442737460186 ...
   1.4087536110536885 2.9220463812312643;
   159.52818999679374 38.89461968454799 8.2540970463442829 2.6622291581938695 ...
   1.105663577835539 0.14523315699927508;
   159.83604615423687 38.854212104553461 7.811989606725275 1.4613374732632944 ...
   3.5800579576420963 15.132473465602629];

