% -------------------------------------------------------------------
%  Generated by MATLAB on 9-May-2020 12:41:41
%  MATLAB version: 9.7.0.1190202 (R2019b)
% -------------------------------------------------------------------
                                  

P1 = cell(6, 1);
P1{1,1} = [-0.34802663162323233 27.340541878707242];
P1{2,1} = [0.0043834887427523107 -0.78637550589846372 37.656352053317704 ...
           ];
P1{3,1} = [0.00021817079517442525 -0.028342130533411419 0.79248290461981108 ...
           13.256130321010135];
P1{4,1} = [-1.504791813543533E-5 0.0032277544222614847 -0.24842868177710617 ...
           7.7532198935540046 -66.957975336947143];
P1{5,1} = [1.6166206356594189E-6 -0.0004192030770503309 0.042863699918337349 ...
           -2.1522689170393172 52.498102095490282 -478.31888971318858];
P1{6,1} = [2.0950421904345453E-7 -6.1234645077387E-5 0.0073141690229889915 ...
           -0.45628962487199887 15.660812527572809 -280.56451363163859 ...
           2069.8567959825914];

P2 = cell(6, 1);
P2{1,1} = [-0.38346266174121096 32.298133816999844];
P2{2,1} = [0.007455045878169953 -1.1289672495582057 46.760922820649526];
P2{3,1} = [-8.5830783605546631E-5 0.020329663419001946 -1.6862493613522986 ...
           53.167332508967505];
P2{4,1} = [6.6711250933496573E-9 -8.7165008624217073E-5 0.020420142935625257 ...
           -1.6886261879212758 53.186664834804944];
P2{5,1} = [-2.7608918934278369E-8 6.908900858662874E-6 -0.00072603539276340447 ...
           0.047228403220808512 -2.1846665155819132 56.31567985442954];
P2{6,1} = [-1.3365285601422787E-9 3.7334964910839877E-7 -4.0166065081474032E-5 ...
           0.0020063149945527534 -0.034092582735025911 -1.0316770558680903 ...
           50.36168481931913];

RT = [57.6198634997748 53.389245060686584 49.646184386618721 43.35795131366271 ...
      41.073569028854983 38.52226213273056 34.391198401405028 33.82441033841657 ...
      32.346520009441527 28.666319390180643 25.846993623226986 27.642777466983997 ...
      24.808632527945598 19.539337865901757 16.978479655533782 17.391354664556779 ...
      15.178772978163432 17.031674472487961 17.078047527856935 13.941368246870507 ...
      13.39383876395501 13.277604157678581 10.453083433805672 11.137003866186861 ...
      9.9917850380178539 10.076140140802197 6.9141816727728429 8.2750935880594731 ...
      6.7622990498617526 4.5719810213234418 8.9288713980788721 6.4595664074975518 ...
      5.09783082897043 3.5805307932776156 3.8798074228255333 5.302580775408952 ...
      6.349532707749642 7.3016164040665057 5.7713982193027595 4.0287102081392341 ...
      4.6843999430846157 6.0268108575673036 1.6182067515336769 3.8843713107990485 ...
      2.8799178995514483 4.289717965491926 3.18233578483007 2.8656107009210761 ...
      2.6349501895556044 1.8677970822763303 2.4680374996165826];

RT0 = 22;

i = 6;

j = 6;

k = 10;

n = 6;

repeat_num = 10;

test_MSE1 = ...
  [137.7170082312233 40.0390012298874 19.45211394943885 24.933248614533635 ...
   5856.2620808129313 23120.303913969525;
   138.28385988949591 44.337698461600446 153.88653074055364 447.18251066785905 ...
   1216.1103858557171 988.2463868905445;
   140.25638888728878 50.065682021067879 104.97573941609322 2182.8839920340674 ...
   6105.8376552732489 419175.45773039263;
   139.26293406009256 52.993767957731428 88.06829875126391 1976.8400186911481 ...
   21219.9905806908 937536.57783986779;
   140.10705717065153 34.735637431773092 195.6146021593884 826.76944729848049 ...
   3798.0466756768205 171928.99799734174;
   138.55932775039167 35.332134774882888 289.90585309905759 2023.3711095998131 ...
   18795.719678470687 42871.796571012506;
   142.7893951346542 37.961003174511532 342.91738645821926 3177.1174930755978 ...
   7712.3930396282767 232398.90932336418;
   143.96371258881183 40.483848426840083 283.74544719135548 5316.2996919412171 ...
   5089.2806881148872 436494.80668576382;
   142.31345073078219 56.828942722736578 465.54001980601026 4440.5882020870777 ...
   19763.922301635419 603648.64403180429;
   142.29644739435071 47.016653484844518 307.544042281215 1966.5422355031524 ...
   37015.390509593519 950137.43960223766;
   140.55495818377426 43.979436968587585 225.16500338525952 2238.2527949512946 ...
   12657.295359575231 381830.11800826446];

test_MSE2 = ...
  [199.1366609852638 41.075739658448455 5.3532882668204378 3.7062152140408897 ...
   1.6907727060476603 2.1023503071903495;
   199.69643454279085 42.285231477336886 5.9373135445517757 4.9065516253800894 ...
   2.6019151342545 1.6816634884366866;
   205.24915800114249 45.359894086936109 6.6376888704095434 3.7989764792561354 ...
   1.4247842903094603 0.98531754417195894;
   203.57669753670939 43.220114456951777 5.2921295022039248 2.3451999123429328 ...
   3.8025566206627759 4.1547393798971317;
   210.36049405500043 42.969986900835309 4.7453201919030183 1.7173654617522083 ...
   30.215118754669742 29.91532269402029;
   210.80399987888185 43.618811954687665 6.5541512606185135 3.353217239677746 ...
   19.428840767408854 17.521724602976427;
   210.95514891662597 46.855118172057246 4.6201117324903063 3.3988787737699568 ...
   11.32732425770833 9.13657766600125;
   206.73806902634715 43.586683699787336 3.7503169043963425 4.001789042344023 ...
   8.09269299976847 11.447917610674143;
   202.76332077206962 38.271315871625546 3.0240505114549228 1.1409521451112592 ...
   7.6009632988511866 30.573028883636333;
   205.07112448988272 37.785062264902564 4.1291729082700614 4.0958527261016924 ...
   2.6024916639677707 23.952255511415224;
   205.43511082047144 42.502795854356883 5.0043543693118853 3.2464998619776937 ...
   8.8787460493648744 13.147089768841976];

test_RT1 = [57.6198634997748 53.389245060686584 49.646184386618721 43.35795131366271 ...
            41.073569028854983 38.52226213273056 34.391198401405028 33.82441033841657 ...
            32.346520009441527 28.666319390180643 25.846993623226986 27.642777466983997 ...
            24.808632527945598 19.539337865901757 16.978479655533782 6.349532707749642 ...
            7.3016164040665057 5.7713982193027595 4.0287102081392341 4.6843999430846157 ...
            6.0268108575673036 1.6182067515336769 3.8843713107990485 2.8799178995514483 ...
            4.289717965491926 3.18233578483007 2.8656107009210761 2.6349501895556044 ...
            1.8677970822763303 2.4680374996165826];

test_RT2 = [57.6198634997748 53.389245060686584 49.646184386618721 43.35795131366271 ...
            41.073569028854983 3.18233578483007 2.8656107009210761 2.6349501895556044 ...
            1.8677970822763303 2.4680374996165826];

test_themo1 = [0 2 4 6 8 10 12 14 16 18 20 22 24 26 28 72 74 76 78 80 82 ...
               84 86 88 90 92 94 96 98 100];

test_themo2 = [0 2 4 6 8 92 94 96 98 100];

themo = [0 2 4 6 8 10 12 14 16 18 20 22 24 26 28 30 32 34 36 38 40 42 44 ...
         46 48 50 52 54 56 58 60 62 64 66 68 70 72 74 76 78 80 82 84 86 ...
         88 90 92 94 96 98 100];

themok = [273.15 275.15 277.15 279.15 281.15 283.15 285.15 287.15 289.15 ...
          291.15 293.15 295.15 297.15 299.15 301.15 303.15 305.15 307.15 ...
          309.15 311.15 313.15 315.15 317.15 319.15 321.15 323.15 325.15 ...
          327.15 329.15 331.15 333.15 335.15 337.15 339.15 341.15 343.15 ...
          345.15 347.15 349.15 351.15 353.15 355.15 357.15 359.15 361.15 ...
          363.15 365.15 367.15 369.15 371.15 373.15];

tmp1 = [17.036399228247944 16.487765646854797 16.163554085388 15.714177451111993 ...
        14.997897330620845 14.014627154996219 12.849389319320153 11.625426256669698 ...
        10.466965466521287 9.4716384974867651 8.6925538845594019 8.1300240407226738 ...
        7.7329461029903541 7.4098367328633685 7.0495208711263331 6.55147444722752 ...
        5.8658210429293831 5.0429825103219628 4.2929835444556375 4.054410210250353 ...
        5.0730224237813673];

